0.180627 0.129916 0.300244
0.900472 0.900123 0.940051
0.763197 0.428302 0.605491
0.829539 0.652496 0.769411
0.467788 0.351091 0.523965
0.312311 0.244675 0.416090
0.834181 0.547106 0.694028
0.854249 0.771471 0.852124
0.619634 0.396704 0.574463
0.876275 0.835142 0.895733
0.244814 0.186502 0.357622
0.830274 0.599067 0.731464
0.688751 0.403316 0.583686
0.821153 0.487856 0.650671
0.386314 0.301752 0.473581
0.837653 0.710145 0.809754
0.544933 0.382041 0.556844
0.832581 0.573311 0.712971
0.797645 0.455528 0.626525
0.832413 0.680782 0.789286
0.831962 0.519007 0.673568
0.277979 0.215505 0.386769
0.348325 0.273673 0.445226
0.888274 0.867515 0.917827
0.426337 0.327992 0.500233
0.212499 0.157916 0.328752
0.828962 0.625307 0.750172
0.864804 0.803086 0.873811
0.725160 0.411292 0.591407
0.654185 0.399779 0.579086
0.845051 0.740430 0.830738
0.583458 0.391391 0.567579
0.509444 0.369805 0.543590
0.637028 0.398390 0.576941
0.367058 0.287868 0.459557
0.744169 0.418444 0.597513
0.811068 0.471522 0.638538
0.294964 0.230077 0.401431
0.831389 0.586173 0.722221
0.446951 0.340021 0.512544
0.706646 0.406448 0.586932
0.829424 0.612085 0.740764
0.488682 0.361046 0.534347
0.601814 0.394456 0.571418
0.830678 0.666500 0.779269
0.564500 0.387290 0.562768
0.859387 0.787218 0.862937
0.894368 0.883797 0.928919
0.834745 0.695339 0.799452
0.671339 0.401281 0.581210
0.833624 0.560346 0.703619
0.228599 0.172138 0.343143
0.870449 0.819064 0.884748
0.849455 0.755867 0.841386
0.841101 0.725185 0.820185
0.330097 0.259251 0.430713
0.827958 0.503800 0.662432
0.196548 0.143832 0.314443
0.781382 0.440823 0.615295
0.406106 0.315187 0.487202
0.261278 0.200942 0.372155
0.828980 0.638770 0.759714
0.882230 0.851290 0.906760
0.833814 0.533389 0.684062
0.529895 0.377288 0.551623
0.833139 0.566852 0.708319
0.220543 0.164997 0.335928
0.269603 0.208226 0.379461
0.592717 0.393035 0.569606
0.816539 0.479697 0.644622
0.830808 0.592613 0.726841
0.679991 0.402185 0.582378
0.843016 0.732783 0.825446
0.829189 0.645596 0.764546
0.891315 0.875649 0.923371
0.789819 0.447951 0.620776
0.519714 0.373712 0.547758
0.303592 0.237416 0.408762
0.834145 0.540322 0.689113
0.836126 0.702712 0.804586
0.662752 0.400504 0.580132
0.286418 0.222807 0.394097
0.478238 0.356221 0.529300
0.357638 0.280787 0.452429
0.554790 0.384818 0.559949
0.734623 0.414551 0.594233
0.830272 0.511501 0.668084
0.753728 0.423021 0.601262
0.867604 0.811065 0.879271
0.824942 0.495898 0.656621
0.879238 0.843207 0.901240
0.829807 0.605550 0.736101
0.885244 0.859397 0.912287
0.416168 0.321674 0.493799
0.829138 0.618676 0.745453
0.457349 0.345672 0.518381
0.828906 0.632008 0.754931
0.830034 0.659466 0.774318
0.236700 0.179309 0.350370
0.436612 0.334121 0.506490
