0.001175 0.250044 0.300000
0.999903 0.899882 0.599947
0.376382 0.490337 0.080686
0.725880 0.647397 0.145035
0.167053 0.354889 0.202479
0.889582 0.789052 0.380980
0.084163 0.299722 0.253651
0.530877 0.558348 0.010839
0.259543 0.415165 0.147333
0.044597 0.274322 0.277340
0.449245 0.532071 0.039697
0.619542 0.582679 0.046299
0.314258 0.450539 0.115679
0.124158 0.326529 0.228728
0.821416 0.724823 0.263607
0.946034 0.845350 0.491688
0.210008 0.383003 0.176605
0.411203 0.511641 0.061172
0.103840 0.312940 0.241344
0.286111 0.432382 0.131850
0.671795 0.610568 0.092200
0.145276 0.340514 0.215777
0.858179 0.758596 0.323333
0.234233 0.398752 0.162241
0.973179 0.872677 0.545938
0.064737 0.286842 0.265642
0.777025 0.687087 0.203085
0.022743 0.262082 0.288777
0.489820 0.548275 0.020312
0.572854 0.566844 0.016927
0.918353 0.817635 0.436863
0.344219 0.469841 0.098693
0.189589 0.369663 0.188866
0.645137 0.595166 0.068288
0.551529 0.562255 0.011649
0.959662 0.859041 0.518860
0.113913 0.319699 0.235086
0.698910 0.628247 0.117832
0.156069 0.347650 0.209167
0.054846 0.280535 0.271512
0.469349 0.540915 0.028957
0.329005 0.460030 0.107308
0.360001 0.479944 0.089849
0.595411 0.573356 0.028014
0.840659 0.742207 0.293686
0.221986 0.390806 0.169504
0.510378 0.553974 0.014132
0.272646 0.423655 0.139630
0.904169 0.803498 0.409089
0.874359 0.774139 0.352412
0.093906 0.306298 0.247540
0.393410 0.500954 0.071224
0.299981 0.441323 0.123822
0.246728 0.406871 0.154836
0.932278 0.831569 0.464376
0.074435 0.293235 0.259690
0.134649 0.333485 0.222278
0.012175 0.256038 0.294402
0.986594 0.886282 0.572957
0.752096 0.667240 0.173524
0.178238 0.362218 0.195717
0.429814 0.522143 0.050712
0.800210 0.706402 0.233246
0.033437 0.268163 0.283091
0.201156 0.377240 0.181885
0.139884 0.336985 0.219039
0.069647 0.290030 0.262671
0.079232 0.296472 0.256672
0.039136 0.271239 0.280209
0.321563 0.455253 0.111528
0.384799 0.495619 0.075955
0.279354 0.427992 0.135746
0.788855 0.696837 0.218132
0.583945 0.569784 0.021653
0.811064 0.715739 0.248452
0.952864 0.852210 0.505275
0.979899 0.879477 0.559448
0.129375 0.330003 0.225511
0.098845 0.309614 0.244430
0.658372 0.602535 0.079969
0.059903 0.283690 0.268596
0.439428 0.527215 0.045272
0.459225 0.536663 0.034001
0.882069 0.781666 0.366759
0.368109 0.485098 0.085276
0.266059 0.419392 0.143520
0.632175 0.588528 0.057023
0.739120 0.657282 0.159119
0.402200 0.506297 0.066264
0.228091 0.394757 0.165848
0.108845 0.316315 0.238209
0.520629 0.556283 0.012180
0.183870 0.365930 0.192298
0.017450 0.259071 0.291607
0.831274 0.733644 0.278697
0.195352 0.373435 0.185419
0.352037 0.474856 0.094325
0.712448 0.637686 0.131249
0.253098 0.410998 0.151093
0.849615 0.750519 0.308586
