0.974435 0.974358 0.974039
0.300376 0.001865 0.005395
0.663627 0.520134 0.394568
0.754652 0.729719 0.635662
0.571467 0.286727 0.273138
0.632388 0.413162 0.347757
0.703297 0.636487 0.474567
0.445612 0.148030 0.146005
0.829163 0.824018 0.805059
0.610727 0.354275 0.318430
0.730024 0.690405 0.553729
0.681188 0.577655 0.424282
0.899502 0.898571 0.895136
0.375996 0.080518 0.085505
0.648744 0.468501 0.372005
0.515257 0.218851 0.214337
0.784061 0.770509 0.719827
0.640761 0.440978 0.360072
0.671940 0.548283 0.407838
0.337762 0.039997 0.052327
0.594049 0.321667 0.298383
0.622861 0.384515 0.334327
0.862214 0.859804 0.850916
0.767923 0.748868 0.676996
0.481101 0.183191 0.180154
0.716866 0.665801 0.512632
0.742411 0.710966 0.594852
0.547040 0.255099 0.247090
0.933995 0.933657 0.932390
0.805259 0.796638 0.764685
0.655654 0.492529 0.382411
0.690669 0.604815 0.443906
0.408998 0.112652 0.112911
0.583522 0.304447 0.286411
0.761061 0.739121 0.656203
0.603070 0.338286 0.309040
0.318914 0.019130 0.029528
0.463498 0.165567 0.163022
0.880465 0.878932 0.873268
0.710058 0.651650 0.492920
0.696777 0.620722 0.458106
0.627843 0.398978 0.341245
0.644772 0.454769 0.366071
0.531549 0.236932 0.231003
0.736284 0.701060 0.574352
0.793901 0.782910 0.742011
0.845013 0.841412 0.828132
0.498400 0.200920 0.197330
0.748486 0.720419 0.615252
0.676401 0.562768 0.415472
0.659616 0.506298 0.388428
0.775495 0.759241 0.698164
0.617237 0.369651 0.326778
0.667713 0.534100 0.400984
0.954127 0.953954 0.953293
0.356840 0.061064 0.070322
0.723542 0.678717 0.533065
0.427462 0.130453 0.129227
0.636661 0.427139 0.353989
0.686422 0.593027 0.434736
0.914142 0.913527 0.911239
0.818287 0.811776 0.787700
0.394960 0.099059 0.100920
0.651708 0.478798 0.376473
0.557977 0.268718 0.258637
0.607060 0.346357 0.313876
0.564888 0.277757 0.266032
0.683745 0.585289 0.429275
0.625416 0.391797 0.337839
0.853457 0.850496 0.839577
0.366423 0.070994 0.078058
0.779633 0.764750 0.708936
0.745444 0.715734 0.605060
0.523492 0.227872 0.222732
0.669806 0.541155 0.404328
0.577680 0.295640 0.279940
0.706662 0.644164 0.483533
0.751551 0.725077 0.625451
0.944035 0.943790 0.942869
0.620149 0.377148 0.330636
0.678746 0.570149 0.419707
0.674134 0.555468 0.411534
0.634552 0.420163 0.350908
0.889901 0.888705 0.884263
0.726810 0.684706 0.543393
0.489788 0.192048 0.188761
0.598740 0.330068 0.303864
0.811565 0.804034 0.776162
0.799381 0.789604 0.753290
0.836903 0.832574 0.816622
0.964260 0.964141 0.963676
0.661615 0.513211 0.391481
0.588974 0.313131 0.292572
0.506884 0.209869 0.205872
0.646765 0.461638 0.369046
0.771609 0.753964 0.687524
0.614102 0.362040 0.322736
0.764422 0.743932 0.666550
0.757813 0.734390 0.645904
0.788802 0.776556 0.730851
