0.700151 0.002745 0.700612
1.000000 1.000000 0.400203
0.805481 0.522745 0.495000
0.735568 0.306883 0.564853
0.861136 0.743552 0.439474
0.833174 0.631759 0.467368
0.703122 0.183741 0.611790
0.772302 0.416545 0.528136
0.893098 0.861176 0.411008
0.716339 0.247586 0.585309
0.847033 0.687166 0.453536
0.789713 0.469411 0.510744
0.819464 0.577019 0.481035
0.700422 0.111272 0.650035
0.875582 0.801192 0.425119
0.754311 0.362743 0.546124
0.930380 0.924494 0.402333
0.700953 0.149193 0.629284
0.797894 0.495924 0.502571
0.725860 0.277747 0.574723
0.883302 0.830680 0.417880
0.708265 0.216333 0.597337
0.700339 0.066138 0.674024
0.840083 0.659357 0.460469
0.868307 0.772195 0.432343
0.781110 0.443016 0.519342
0.763371 0.389823 0.537065
0.812583 0.549811 0.487916
0.745056 0.335166 0.555357
0.963014 0.961688 0.400787
0.826310 0.604330 0.474213
0.854049 0.715220 0.446541
0.906404 0.889529 0.406013
0.785450 0.456202 0.515007
0.981286 0.980779 0.400448
0.864708 0.757833 0.435919
0.793877 0.482635 0.506589
0.887744 0.845741 0.414352
0.701729 0.166801 0.620147
0.758860 0.376350 0.541561
0.917142 0.906675 0.403876
0.879330 0.815859 0.421480
0.829740 0.618022 0.470796
0.809081 0.536254 0.491419
0.730731 0.292428 0.569729
0.871923 0.786651 0.428733
0.700575 0.130794 0.639246
0.836622 0.645532 0.463931
0.816042 0.563405 0.484456
0.850534 0.701158 0.450049
0.740347 0.321115 0.560077
0.822888 0.590654 0.477626
0.857584 0.729347 0.443021
0.712011 0.232099 0.591073
0.767850 0.403228 0.532586
0.945848 0.942888 0.401355
0.749704 0.349024 0.550714
0.705275 0.200200 0.604213
0.776727 0.429800 0.523723
0.700369 0.090118 0.661647
0.843548 0.673236 0.457012
0.721012 0.262798 0.579897
0.801763 0.509301 0.498715
0.700279 0.036129 0.687067
0.899941 0.877132 0.407976
0.954258 0.952243 0.401033
0.700315 0.052201 0.680467
0.765621 0.396533 0.534816
0.838348 0.652439 0.462201
0.742714 0.328153 0.557711
0.728294 0.285107 0.572216
0.852296 0.708180 0.448296
0.828020 0.611173 0.472504
0.821177 0.583832 0.479337
0.841815 0.666286 0.458749
0.700389 0.100919 0.655740
0.770080 0.409898 0.530357
0.795900 0.489268 0.504572
0.733159 0.299689 0.567287
0.862924 0.750684 0.437706
0.890275 0.853401 0.412658
0.747393 0.342111 0.553026
0.859359 0.736436 0.441247
0.704093 0.192033 0.607911
0.881278 0.823243 0.419683
0.702337 0.175336 0.615867
0.817752 0.570200 0.482748
0.778921 0.436413 0.521521
0.877438 0.808510 0.423294
0.803641 0.516005 0.496832
0.799853 0.502601 0.500622
0.911455 0.898012 0.404859
0.756589 0.369556 0.543837
0.787590 0.462792 0.512865
0.972046 0.971205 0.400598
0.700355 0.078557 0.667747
0.990680 0.990397 0.400321
0.710053 0.224219 0.594134
0.845291 0.680187 0.455282
0.824596 0.597489 0.475924
