0.170905 0.099347 0.298948
0.170827 0.106057 0.305284
0.170659 0.112627 0.311587
0.170408 0.119077 0.317893
0.170085 0.125455 0.324156
0.169698 0.131752 0.330400
0.169247 0.137994 0.336602
0.168720 0.144136 0.342789
0.168144 0.150246 0.348925
0.167566 0.156320 0.355052
0.166956 0.162337 0.361123
0.166285 0.168308 0.367194
0.165590 0.174294 0.373245
0.164915 0.180231 0.379280
0.164251 0.186193 0.385294
0.163543 0.192111 0.391316
0.162822 0.198037 0.397307
0.162117 0.203993 0.403310
0.161416 0.209904 0.409298
0.160684 0.215860 0.415286
0.159981 0.221788 0.421271
0.159343 0.227765 0.427277
0.158738 0.233720 0.433262
0.158144 0.239730 0.439263
0.157587 0.245738 0.445272
0.157123 0.251808 0.451290
0.156760 0.257863 0.457305
0.156497 0.263996 0.463327
0.156356 0.270142 0.469376
0.156368 0.276330 0.475410
0.156563 0.282562 0.481437
0.156963 0.288828 0.487478
0.157628 0.295139 0.493495
0.158619 0.301506 0.499504
0.159860 0.307924 0.505496
0.161559 0.314390 0.511467
0.163584 0.320907 0.517406
0.165987 0.327436 0.523289
0.168887 0.334023 0.529123
0.172171 0.340618 0.534884
0.175907 0.347241 0.540580
0.180112 0.353852 0.546202
0.184742 0.360476 0.551726
0.189752 0.367103 0.557162
0.195152 0.373711 0.562497
0.200872 0.380290 0.567723
0.206965 0.386828 0.572857
0.213268 0.393341 0.577872
0.219862 0.399801 0.582798
0.226638 0.406230 0.587620
0.233557 0.412597 0.592360
0.240642 0.418894 0.596992
0.247865 0.425152 0.601536
0.255144 0.431348 0.606002
0.262473 0.437487 0.610402
0.269870 0.443566 0.614725
0.277286 0.449598 0.619004
0.284716 0.455582 0.623215
0.292187 0.461530 0.627380
0.299670 0.467443 0.631516
0.307159 0.473320 0.635619
0.314672 0.479203 0.639710
0.322231 0.485063 0.643781
0.329818 0.490951 0.647858
0.337436 0.496822 0.651946
0.345107 0.502731 0.656043
0.352839 0.508682 0.660153
0.360616 0.514655 0.664292
0.368491 0.520668 0.668463
0.376423 0.526741 0.672663
0.384411 0.532850 0.676894
0.392486 0.539012 0.681152
0.400650 0.545228 0.685462
0.408861 0.551498 0.689802
0.417167 0.557818 0.694171
0.425535 0.564199 0.698587
0.433973 0.570623 0.703045
0.442510 0.577114 0.707530
0.451101 0.583649 0.712058
0.459769 0.590242 0.716627
0.468510 0.596898 0.721222
0.477327 0.603600 0.725868
0.486214 0.610352 0.730542
0.495180 0.617164 0.735256
0.504218 0.624030 0.740010
0.513317 0.630947 0.744792
0.522489 0.637913 0.749613
0.531740 0.644931 0.754483
0.541054 0.652013 0.759372
0.550446 0.659135 0.764309
0.559906 0.666314 0.769275
0.569425 0.673549 0.774280
0.579027 0.680825 0.779322
0.588682 0.688165 0.784403
0.598415 0.695547 0.789510
0.608221 0.702980 0.794653
0.618078 0.710460 0.799834
0.628008 0.717989 0.805039
0.637995 0.725569 0.810279
0.648043 0.733188 0.815558
0.658161 0.740851 0.820860
0.668334 0.748567 0.826195
0.678558 0.756321 0.831561
0.688846 0.764116 0.836946
0.699174 0.771954 0.842359
0.709566 0.779826 0.847785
0.719995 0.787735 0.853234
0.730468 0.795676 0.858694
0.740972 0.803647 0.864164
0.751518 0.811644 0.869621
0.762068 0.819653 0.875070
0.772634 0.827679 0.880487
0.783192 0.835708 0.885862
0.793728 0.843720 0.891161
0.804201 0.851708 0.896366
0.814583 0.859645 0.901431
0.824833 0.867496 0.906319
0.834892 0.875228 0.910970
0.844681 0.882784 0.915318
0.854108 0.890109 0.919297
0.863080 0.897127 0.922822
0.871458 0.903740 0.925797
0.879116 0.909867 0.928133
0.885928 0.915396 0.929749
0.891753 0.920245 0.930562
0.896481 0.924320 0.930504
0.900018 0.927550 0.929528
0.902303 0.929892 0.927616
0.903310 0.931314 0.924770
0.903042 0.931816 0.921015
0.901536 0.931428 0.916406
0.898870 0.930191 0.911009
0.895133 0.928163 0.904907
0.890428 0.925432 0.898189
0.884882 0.922073 0.890955
0.878606 0.918167 0.883287
0.871720 0.913803 0.875265
0.864320 0.909047 0.866951
0.856495 0.903977 0.858410
0.848330 0.898646 0.849686
0.839892 0.893104 0.840807
0.831224 0.887389 0.831807
0.822373 0.881541 0.822700
0.813369 0.875577 0.813506
0.804253 0.869520 0.804246
0.795031 0.863394 0.794915
0.785730 0.857198 0.785531
0.776356 0.850954 0.776094
0.766920 0.844674 0.766611
0.757439 0.838351 0.757090
0.747917 0.832003 0.747536
0.738349 0.825620 0.737939
0.728754 0.819218 0.728321
0.719134 0.812799 0.718676
0.709491 0.806368 0.709017
0.699822 0.799920 0.699324
0.690145 0.793461 0.689631
0.680450 0.786992 0.679912
0.670762 0.780513 0.670203
0.661054 0.774033 0.660472
0.651357 0.767555 0.650751
0.641652 0.761081 0.641025
0.631963 0.754611 0.631315
0.622276 0.748142 0.621601
0.612607 0.741677 0.611911
0.602959 0.735232 0.602234
0.593330 0.728792 0.592585
0.583717 0.722367 0.582940
0.574135 0.715972 0.573339
0.564587 0.709584 0.563764
0.555069 0.703219 0.554214
0.545593 0.696874 0.544702
0.536147 0.690554 0.535226
0.526752 0.684261 0.525798
0.517392 0.678006 0.516401
0.508080 0.671768 0.507059
0.498810 0.665566 0.497771
0.489584 0.659392 0.488514
0.480424 0.653249 0.479313
0.471317 0.647150 0.470167
0.462250 0.641072 0.461064
0.453248 0.635039 0.452031
0.444308 0.629038 0.443040
0.435418 0.623077 0.434099
0.426576 0.617148 0.425237
0.417806 0.611260 0.416418
0.409092 0.605401 0.407658
0.400449 0.599595 0.398957
0.391852 0.593817 0.390320
0.383329 0.588074 0.381747
0.374858 0.582378 0.373228
0.366464 0.576728 0.364772
0.358121 0.571096 0.356387
0.349845 0.565508 0.348048
0.341631 0.559968 0.339778
0.333482 0.554449 0.331541
0.325368 0.548966 0.323384
0.317337 0.543502 0.315266
0.309359 0.538069 0.307191
0.301388 0.532642 0.299171
0.293481 0.527225 0.291169
0.285596 0.521798 0.283193
0.277757 0.516372 0.275233
0.269921 0.510925 0.267260
0.262077 0.505440 0.259340
0.254257 0.499921 0.251388
0.246414 0.494363 0.243405
0.238587 0.488729 0.235472
0.230779 0.483029 0.227503
0.222990 0.477260 0.219549
0.215188 0.471414 0.211618
0.207463 0.465463 0.203707
0.199751 0.459445 0.195829
0.192158 0.453317 0.188052
0.184655 0.447095 0.180292
0.177277 0.440771 0.172675
0.170038 0.434355 0.165162
0.162987 0.427846 0.157833
0.156151 0.421220 0.150653
0.149542 0.414519 0.143671
0.143189 0.407722 0.136881
0.137147 0.400855 0.130373
0.131420 0.393882 0.124008
0.126038 0.386852 0.118004
0.120944 0.379770 0.112235
0.116309 0.372623 0.106756
0.111973 0.365440 0.101482
0.107948 0.358218 0.096498
0.104303 0.350972 0.091908
0.100992 0.343683 0.087495
0.098010 0.336389 0.083276
0.095260 0.329104 0.079326
0.092688 0.321783 0.075628
0.090430 0.314476 0.072139
0.088312 0.307178 0.068912
0.086311 0.299892 0.065708
0.084528 0.292609 0.062804
0.082751 0.285339 0.059986
0.081097 0.278111 0.057227
0.079445 0.270896 0.054671
0.077857 0.263704 0.052231
0.076319 0.256515 0.049974
0.074814 0.249379 0.047724
0.073376 0.242278 0.045555
0.071888 0.235232 0.043204
0.070497 0.228203 0.040881
0.069269 0.221218 0.038290
0.067950 0.214276 0.035663
0.066717 0.207393 0.032729
0.065546 0.200533 0.029942
0.064438 0.193795 0.027099
0.063398 0.187070 0.024191
0.062387 0.180395 0.021213
0.061326 0.173804 0.018160
0.060486 0.167279 0.015026
0.059680 0.160768 0.011816
