0.000000 0.019685 0.292012
0.991225 0.990266 0.957179
0.408958 0.546451 0.581444
0.177131 0.344670 0.583369
0.698295 0.753176 0.560263
0.294100 0.464065 0.615615
0.076446 0.189523 0.460213
0.527774 0.625506 0.536859
0.911203 0.920947 0.752783
0.032137 0.111271 0.380473
0.604224 0.681075 0.531891
0.464329 0.582532 0.557753
0.233109 0.408227 0.610490
0.810254 0.840854 0.636905
0.122142 0.267021 0.529472
0.965056 0.965457 0.858165
0.350304 0.506820 0.603868
0.148829 0.306845 0.559451
0.011304 0.069327 0.336184
0.495092 0.603030 0.546205
0.980894 0.979764 0.909052
0.563623 0.651081 0.531322
0.865852 0.884764 0.693264
0.379726 0.527104 0.593457
0.263667 0.437664 0.615805
0.434592 0.563134 0.570334
0.097192 0.225978 0.494324
0.644968 0.711994 0.539769
0.053198 0.147767 0.418496
0.941033 0.945214 0.803571
0.757429 0.799359 0.595157
0.324245 0.487812 0.610895
0.206677 0.379888 0.600726
0.064890 0.168643 0.439659
0.449372 0.572751 0.563984
0.511121 0.613951 0.541157
0.839067 0.863572 0.664290
0.021233 0.090352 0.358380
0.583210 0.665439 0.530670
0.394350 0.536854 0.587588
0.135297 0.287128 0.545169
0.986597 0.985368 0.933382
0.479531 0.592602 0.551784
0.309243 0.476234 0.613751
0.973823 0.973215 0.884030
0.545210 0.637827 0.533480
0.248394 0.423328 0.613885
0.890009 0.903974 0.722994
0.278917 0.451219 0.616346
0.365046 0.517123 0.598919
0.670753 0.731827 0.548316
0.162813 0.326038 0.572213
0.109535 0.246604 0.512469
0.727356 0.775826 0.575875
0.191756 0.362638 0.592890
0.002313 0.047559 0.313999
0.954248 0.956221 0.831368
0.335462 0.496123 0.608170
0.787797 0.823187 0.617890
0.217953 0.392326 0.605517
0.088241 0.210376 0.480040
0.419924 0.553589 0.576723
0.041347 0.126873 0.396885
0.626842 0.698160 0.535385
0.925092 0.932174 0.774837
0.225527 0.400383 0.608211
0.357695 0.512011 0.601461
0.070681 0.179084 0.450023
0.441970 0.567921 0.567154
0.657637 0.721708 0.543636
0.169931 0.335449 0.577990
0.824867 0.852369 0.650346
0.026540 0.100793 0.369445
0.316755 0.482093 0.612438
0.000000 0.034324 0.302951
0.184408 0.353736 0.588331
0.006607 0.058541 0.325077
0.155788 0.316519 0.566024
0.128672 0.277136 0.537493
0.286504 0.457721 0.616132
0.199163 0.371349 0.597019
0.115797 0.256857 0.521122
0.593527 0.673092 0.531021
0.969674 0.969503 0.871210
0.977550 0.976620 0.896639
0.256005 0.430594 0.615024
0.487262 0.597758 0.548937
0.401651 0.541653 0.584549
0.536386 0.631562 0.535035
0.301669 0.470229 0.614817
0.059130 0.158207 0.429146
0.503033 0.608430 0.543601
0.240730 0.415879 0.612378
0.016190 0.079806 0.347302
0.983897 0.982669 0.921295
0.519365 0.619650 0.538906
0.989028 0.987890 0.945342
0.852758 0.874388 0.678630
0.047327 0.137341 0.407744
0.712660 0.764363 0.567601
