0.171032 0.100402 0.299782
0.973568 0.971024 0.994603
0.465406 0.545307 0.854810
0.157206 0.336879 0.549998
0.777876 0.757757 0.954305
0.670216 0.652234 0.928904
0.159471 0.214084 0.413758
0.243553 0.435617 0.721257
0.875758 0.864379 0.974484
0.186619 0.388711 0.633736
0.582600 0.599423 0.899390
0.924330 0.917292 0.984498
0.827972 0.812327 0.964634
0.340093 0.488042 0.796701
0.166051 0.158875 0.357969
0.730940 0.707284 0.944446
0.153005 0.275975 0.477209
0.402847 0.517310 0.828402
0.703538 0.680123 0.938058
0.169084 0.129892 0.328738
0.210863 0.411761 0.677651
0.155952 0.244485 0.444564
0.802814 0.784924 0.959450
0.525716 0.572320 0.878233
0.633377 0.627389 0.917197
0.167904 0.362993 0.588941
0.152674 0.308529 0.513749
0.283095 0.458971 0.758422
0.162637 0.188101 0.387502
0.950534 0.945851 0.989888
0.901566 0.892492 0.979807
0.853356 0.839984 0.969868
0.753034 0.730802 0.949152
0.154309 0.260084 0.460536
0.170227 0.115240 0.314216
0.225816 0.423384 0.699481
0.717713 0.693771 0.941466
0.608993 0.613288 0.908815
0.495894 0.558869 0.866797
0.371217 0.502778 0.813363
0.176531 0.376379 0.611449
0.554710 0.585792 0.889130
0.815367 0.798594 0.962035
0.790319 0.771312 0.956872
0.434346 0.531477 0.842105
0.840640 0.826123 0.967249
0.687888 0.666281 0.933957
0.164391 0.173411 0.372682
0.310367 0.473307 0.778324
0.152323 0.292137 0.494857
0.167646 0.144378 0.343319
0.157676 0.229179 0.429013
0.197982 0.400359 0.655767
0.888635 0.878403 0.977140
0.765464 0.744257 0.951736
0.937412 0.931540 0.987191
0.655374 0.641594 0.924355
0.161055 0.348463 0.566511
0.963687 0.960219 0.992587
0.911303 0.903098 0.981813
0.154555 0.324864 0.533993
0.161310 0.199141 0.398700
0.862940 0.850412 0.971844
0.743663 0.720725 0.947182
0.259152 0.445303 0.737422
0.596014 0.606322 0.904217
0.724414 0.700543 0.942999
0.759251 0.737524 0.950450
0.644686 0.634493 0.920929
0.771667 0.751005 0.953024
0.204231 0.406065 0.666711
0.510895 0.565597 0.872582
0.163527 0.180716 0.380085
0.168373 0.137129 0.336012
0.957106 0.953030 0.991236
0.164258 0.355879 0.577689
0.568813 0.592583 0.894351
0.930866 0.924406 0.985842
0.155097 0.252261 0.452491
0.153600 0.267966 0.468777
0.218033 0.417528 0.688571
0.895095 0.885439 0.978468
0.270677 0.452043 0.748029
0.172025 0.369823 0.600212
0.158601 0.221601 0.421349
0.324970 0.480647 0.787721
0.296351 0.466068 0.768535
0.160362 0.206620 0.406214
0.418634 0.524436 0.835398
0.166888 0.151600 0.350639
0.710775 0.686972 0.939834
0.170677 0.107856 0.306989
0.695936 0.673235 0.936114
0.834302 0.819214 0.965939
0.181403 0.382648 0.622622
0.480729 0.552119 0.860879
0.679329 0.659281 0.931567
0.165203 0.166121 0.365312
0.540328 0.579042 0.883754
0.796559 0.778108 0.958163
