0.977754 0.977754 0.977754
0.022447 0.022447 0.022447
0.464402 0.464402 0.464402
0.714468 0.714468 0.714468
0.236837 0.236837 0.236837
0.347368 0.347368 0.347368
0.586984 0.586984 0.586984
0.137370 0.137370 0.137370
0.842027 0.842027 0.842027
0.403244 0.403244 0.403244
0.777762 0.777762 0.777762
0.911603 0.911603 0.911603
0.527025 0.527025 0.527025
0.087931 0.087933 0.087932
0.186067 0.186067 0.186067
0.292982 0.292982 0.292982
0.652211 0.652211 0.652211
0.264651 0.264651 0.264651
0.495526 0.495526 0.495526
0.112340 0.112340 0.112340
0.876680 0.876680 0.876680
0.619446 0.619446 0.619446
0.433617 0.433617 0.433617
0.373253 0.373253 0.373253
0.554858 0.554858 0.554858
0.159779 0.159779 0.159779
0.063057 0.063057 0.063057
0.318165 0.318165 0.318165
0.807631 0.807631 0.807631
0.743882 0.743882 0.743882
0.212876 0.212876 0.212876
0.946776 0.946776 0.946776
0.685288 0.685288 0.685288
0.044716 0.044716 0.044716
0.332720 0.332720 0.332720
0.635786 0.635786 0.635786
0.668712 0.668712 0.668712
0.172845 0.172845 0.172845
0.124733 0.124733 0.124733
0.418377 0.418377 0.418377
0.824791 0.824791 0.824791
0.894113 0.894113 0.894113
0.250670 0.250670 0.250670
0.448967 0.448967 0.448967
0.100056 0.100057 0.100057
0.929156 0.929156 0.929156
0.479919 0.479919 0.479919
0.603175 0.603175 0.603175
0.278770 0.278770 0.278770
0.760787 0.760787 0.760787
0.511226 0.511226 0.511226
0.570877 0.570877 0.570877
0.199379 0.199379 0.199379
0.859321 0.859321 0.859321
0.388196 0.388196 0.388196
0.303728 0.303728 0.303728
0.362122 0.362122 0.362122
0.794803 0.794803 0.794803
0.731248 0.731248 0.731248
0.538921 0.538921 0.538921
0.074504 0.074505 0.074505
0.226524 0.226524 0.226524
0.964453 0.964453 0.964453
0.701932 0.701932 0.701932
0.150137 0.150137 0.150137
0.206146 0.206146 0.206146
0.595068 0.595068 0.595068
0.441280 0.441280 0.441280
0.271680 0.271680 0.271680
0.131045 0.131045 0.131045
0.643985 0.643985 0.643985
0.340026 0.340026 0.340026
0.054339 0.054339 0.054339
0.902852 0.902852 0.902852
0.410806 0.410806 0.410806
0.562864 0.562864 0.562864
0.676993 0.676993 0.676993
0.722849 0.722849 0.722849
0.219690 0.219690 0.219690
0.033552 0.033552 0.033552
0.816207 0.816207 0.816207
0.243717 0.243717 0.243717
0.786276 0.786276 0.786276
0.081468 0.081470 0.081469
0.192705 0.192705 0.192705
0.546880 0.546880 0.546880
0.310945 0.310945 0.310945
0.503361 0.503361 0.503361
0.179431 0.179431 0.179431
0.660448 0.660448 0.660448
0.920371 0.920371 0.920371
0.425988 0.425988 0.425988
0.118541 0.118541 0.118541
0.833401 0.833401 0.833401
0.578924 0.578924 0.578924
0.325412 0.325412 0.325412
0.955611 0.955611 0.955611
0.106202 0.106203 0.106203
0.285847 0.285847 0.285847
0.472147 0.472147 0.472147
