0.550541 0.006842 0.451980
0.703779 0.948977 0.993775
0.611842 0.584522 0.110040
0.423186 0.830401 0.549598
0.590507 0.304300 0.241716
0.398074 0.911369 0.826627
0.540571 0.736058 0.283238
0.573711 0.181138 0.334602
0.607129 0.433600 0.158195
0.582353 0.243268 0.285910
0.588441 0.667579 0.169258
0.377672 0.872325 0.689863
0.481884 0.787038 0.413711
0.529715 0.938416 0.932588
0.598721 0.366829 0.199533
0.563663 0.112872 0.390025
0.613572 0.502705 0.122487
0.594583 0.335229 0.220510
0.511681 0.763162 0.347595
0.603536 0.626876 0.129757
0.452541 0.927032 0.885454
0.614566 0.542708 0.109999
0.602933 0.399486 0.178782
0.566888 0.704346 0.222470
0.396872 0.851439 0.619320
0.557619 0.069970 0.420377
0.374439 0.892639 0.759946
0.568939 0.148416 0.361384
0.586456 0.273771 0.263439
0.452124 0.809110 0.481054
0.578135 0.212545 0.309542
0.616637 0.945388 0.967563
0.610542 0.464933 0.140685
0.600819 0.383009 0.189149
0.421704 0.919678 0.857309
0.613787 0.563446 0.107850
0.612226 0.483539 0.131212
0.575967 0.196978 0.321854
0.660548 0.947515 0.981449
0.614418 0.522434 0.115160
0.373340 0.882596 0.725106
0.526333 0.750112 0.315113
0.596645 0.350921 0.209994
0.382352 0.902288 0.793974
0.437487 0.819803 0.515175
0.605043 0.416348 0.168436
0.409520 0.840937 0.584314
0.489103 0.933297 0.910617
0.588478 0.289013 0.252494
0.584416 0.258531 0.274552
0.578388 0.686560 0.194586
0.385935 0.861918 0.654530
0.554182 0.720839 0.252219
0.580271 0.227977 0.297566
0.496820 0.775405 0.380485
0.572686 0.942411 0.951459
0.592548 0.319698 0.231058
0.571377 0.165008 0.347764
0.560746 0.092811 0.405012
0.554227 0.041170 0.436063
0.566380 0.131171 0.375474
0.596862 0.647588 0.147334
0.466955 0.798219 0.447235
0.608494 0.605748 0.117169
0.608644 0.446848 0.150582
0.585443 0.266156 0.268980
0.614308 0.553016 0.108421
0.572562 0.173131 0.341120
0.552426 0.023795 0.443998
0.430280 0.825110 0.532352
0.606084 0.424928 0.163317
0.381407 0.867128 0.672196
0.614594 0.532510 0.112266
0.612974 0.573946 0.108312
0.562235 0.103128 0.397471
0.565032 0.122122 0.382698
0.574840 0.189095 0.328170
0.519049 0.756752 0.331281
0.595609 0.343048 0.215226
0.408926 0.915628 0.842255
0.436305 0.923489 0.871734
0.638645 0.946543 0.974739
0.600413 0.637306 0.137967
0.589491 0.296652 0.247081
0.591526 0.311969 0.236379
0.560662 0.712753 0.237171
0.391152 0.856683 0.636905
0.609610 0.455826 0.145615
0.606215 0.616350 0.122763
0.489350 0.781287 0.397049
0.509019 0.936004 0.922005
0.579214 0.220287 0.303496
0.444772 0.814472 0.498091
0.547470 0.728605 0.267574
0.612950 0.493049 0.126718
0.470211 0.930311 0.898424
0.603995 0.407873 0.173594
0.581315 0.235646 0.291715
0.474411 0.792674 0.430440
0.504280 0.769372 0.363984
