0.101441 0.200110 0.700194
1.000000 0.999989 0.400094
0.325731 0.523075 0.498902
0.567196 0.766250 0.434306
0.188513 0.368188 0.614982
0.146648 0.286201 0.657214
0.439505 0.637999 0.466094
0.739616 0.901376 0.405005
0.244908 0.440883 0.558948
0.867883 0.954967 0.400665
0.380098 0.578061 0.481253
0.167115 0.327367 0.636491
0.125813 0.244322 0.678320
0.639735 0.834610 0.417842
0.281273 0.478037 0.525529
0.501847 0.700731 0.450538
0.212851 0.404685 0.590855
0.934106 0.977879 0.400283
0.177520 0.347876 0.625992
0.136327 0.265434 0.667684
0.534088 0.733130 0.442513
0.802106 0.929992 0.401890
0.409398 0.607651 0.473662
0.684831 0.868982 0.410515
0.156880 0.306831 0.646841
0.470328 0.669029 0.458397
0.262487 0.458956 0.541944
0.302129 0.499165 0.510895
0.114496 0.222699 0.689172
0.351966 0.549630 0.489345
0.601739 0.800118 0.425999
0.228298 0.423003 0.575529
0.200717 0.388001 0.602850
0.584205 0.783089 0.430163
0.550519 0.749592 0.438427
0.711022 0.885567 0.407469
0.151764 0.296539 0.652018
0.291406 0.488292 0.517923
0.424359 0.622735 0.469902
0.901018 0.966580 0.400418
0.661151 0.851901 0.414009
0.770173 0.916201 0.403168
0.313590 0.510755 0.504562
0.338565 0.536058 0.493873
0.620108 0.817305 0.421867
0.108299 0.211567 0.694659
0.517878 0.716845 0.446543
0.194447 0.378180 0.609108
0.120279 0.233585 0.683714
0.454835 0.653426 0.462265
0.162002 0.317106 0.641664
0.141543 0.275872 0.662432
0.365854 0.563673 0.485185
0.182872 0.358073 0.620594
0.236494 0.431981 0.567351
0.253591 0.449854 0.550447
0.271670 0.468302 0.533584
0.220405 0.413936 0.583386
0.485991 0.684792 0.454495
0.131137 0.254955 0.672979
0.172248 0.337633 0.631277
0.394629 0.592751 0.477439
0.834823 0.942847 0.401115
0.967110 0.988992 0.400190
0.207501 0.397623 0.596167
0.672692 0.860483 0.412213
0.204080 0.392837 0.599568
0.216590 0.409339 0.587173
0.358852 0.556596 0.487239
0.232354 0.427507 0.571468
0.697607 0.877350 0.408922
0.629725 0.825948 0.419844
0.387326 0.585380 0.479342
0.180160 0.352981 0.623315
0.493897 0.692746 0.452527
0.169688 0.332517 0.633890
0.296691 0.493641 0.514334
0.257992 0.454385 0.546194
0.372929 0.570823 0.483199
0.983572 0.994500 0.400145
0.575652 0.774644 0.432249
0.950623 0.983452 0.400235
0.159416 0.311952 0.644249
0.332081 0.529491 0.496307
0.117443 0.228185 0.686435
0.558814 0.757902 0.436376
0.431922 0.630349 0.467997
0.754686 0.908919 0.404012
0.917577 0.972263 0.400342
0.818395 0.936527 0.401452
0.240659 0.436433 0.563176
0.104955 0.205896 0.697423
0.319579 0.516828 0.501649
0.154318 0.301673 0.649430
0.164543 0.322244 0.639079
0.197527 0.383122 0.606021
0.133757 0.260201 0.670328
0.542279 0.741336 0.440469
0.525961 0.724966 0.444538
0.345206 0.542783 0.491567
