0.999831 0.999745 0.799907
0.100227 0.100908 0.003791
0.872057 0.460829 0.311198
0.498095 0.233152 0.205757
0.948022 0.763539 0.374977
0.284955 0.166067 0.106101
0.722383 0.309983 0.279578
0.982780 0.912528 0.573808
0.913814 0.606722 0.324391
0.389005 0.199696 0.155501
0.993104 0.959212 0.687894
0.187395 0.133541 0.062323
0.967540 0.847384 0.460403
0.610287 0.266332 0.248485
0.929804 0.681570 0.336993
0.817275 0.379341 0.299821
0.896736 0.533119 0.317781
0.988417 0.937306 0.631265
0.938529 0.721440 0.350960
0.905735 0.570090 0.320914
0.921685 0.643617 0.329173
0.142251 0.117348 0.034740
0.996933 0.979734 0.743991
0.553914 0.249483 0.228487
0.957973 0.806564 0.411826
0.336248 0.182782 0.130208
0.849766 0.420166 0.306384
0.666846 0.285557 0.265463
0.235263 0.149701 0.083951
0.975892 0.882982 0.516016
0.773918 0.341509 0.290978
0.443028 0.216604 0.181049
0.887088 0.500007 0.314938
0.582044 0.257747 0.238831
0.164454 0.125481 0.049640
0.909834 0.588408 0.322574
0.211005 0.141605 0.073581
0.998513 0.989768 0.771954
0.796857 0.359813 0.295702
0.415865 0.208176 0.168312
0.962864 0.827471 0.434901
0.259913 0.157833 0.094764
0.638589 0.275496 0.257342
0.470446 0.224903 0.193599
0.880268 0.480622 0.313167
0.525921 0.241340 0.217418
0.952985 0.785103 0.391761
0.979515 0.898463 0.544864
0.943186 0.742247 0.361472
0.862029 0.440643 0.308972
0.362455 0.191238 0.142740
0.971900 0.865954 0.487691
0.925689 0.662415 0.332545
0.310431 0.174411 0.117925
0.834916 0.399603 0.303343
0.120855 0.109198 0.019283
0.990867 0.948508 0.659670
0.748910 0.324813 0.285587
0.901411 0.551691 0.319336
0.985734 0.925390 0.602638
0.934070 0.701224 0.342973
0.917745 0.625092 0.326525
0.995124 0.969577 0.715989
0.694882 0.296965 0.272862
0.891511 0.514322 0.316201
0.899129 0.542431 0.318559
0.785683 0.350488 0.293413
0.567965 0.253604 0.233732
0.484232 0.229060 0.199703
0.456701 0.220788 0.187383
0.919708 0.634336 0.327769
0.907806 0.579265 0.321715
0.153229 0.121394 0.042482
0.826450 0.389415 0.301644
0.323293 0.178608 0.123972
0.955483 0.795868 0.401394
0.735801 0.317163 0.282680
0.807406 0.369452 0.297832
0.131463 0.113321 0.026943
0.992011 0.953914 0.673801
0.883832 0.490372 0.314076
0.876360 0.470784 0.312193
0.989672 0.942984 0.645487
0.247534 0.153732 0.089260
0.297642 0.170234 0.111957
0.923678 0.652971 0.330728
0.511977 0.237280 0.211665
0.981188 0.905665 0.559340
0.761640 0.332954 0.288366
0.960439 0.817114 0.423009
0.915774 0.615891 0.325408
0.349312 0.187021 0.136394
0.973943 0.874665 0.501764
0.945583 0.752838 0.367823
0.894206 0.523753 0.316994
0.936279 0.711264 0.346674
0.402387 0.203968 0.161932
0.110584 0.104992 0.011622
0.987110 0.931449 0.616981
0.969761 0.856853 0.473869
