0.103516 0.047787 0.393530
0.997061 0.949794 0.951206
0.360819 0.549891 0.640171
0.174648 0.324189 0.576375
0.710016 0.677433 0.588473
0.239324 0.444741 0.628602
0.139754 0.195043 0.493668
0.525243 0.621396 0.608531
0.921627 0.811765 0.732241
0.821705 0.733207 0.633983
0.440469 0.590724 0.628476
0.201145 0.385703 0.606888
0.292426 0.500203 0.640175
0.123592 0.126483 0.444704
0.612966 0.646088 0.589253
0.155540 0.260614 0.538183
0.976874 0.887774 0.847236
0.955031 0.851205 0.789852
0.482525 0.607248 0.619130
0.131988 0.161319 0.469615
0.114243 0.089643 0.419241
0.399630 0.571580 0.635673
0.324864 0.525966 0.641679
0.876063 0.771202 0.678318
0.568544 0.633927 0.597963
0.263901 0.473016 0.635749
0.218546 0.415577 0.618923
0.164432 0.292642 0.558150
0.764653 0.701485 0.603849
0.147494 0.228107 0.516608
0.659659 0.659784 0.584952
0.186704 0.355244 0.592662
0.990052 0.921606 0.903168
0.169354 0.308487 0.567495
0.135893 0.178292 0.481764
0.228495 0.430255 0.624066
0.180394 0.339788 0.584762
0.590556 0.639951 0.593245
0.119106 0.108384 0.432027
0.209453 0.400739 0.613179
0.251124 0.459003 0.632503
0.939894 0.831794 0.760897
0.379928 0.561035 0.638283
0.736837 0.688533 0.594444
0.546807 0.627800 0.603143
0.793132 0.716409 0.616996
0.143626 0.211653 0.505290
0.984338 0.904979 0.875383
0.849627 0.751621 0.654582
0.109104 0.069760 0.406401
0.342455 0.538188 0.641300
0.277664 0.486772 0.638314
0.503819 0.614576 0.613904
0.159813 0.276698 0.548383
0.461391 0.599309 0.624023
0.635943 0.652601 0.586361
0.419859 0.581482 0.632384
0.308175 0.513289 0.641296
0.127907 0.144071 0.457236
0.684298 0.667952 0.585491
0.193613 0.370536 0.600036
0.900253 0.791422 0.704464
0.967245 0.869874 0.818701
0.151423 0.244401 0.527578
0.994431 0.937817 0.930680
0.121361 0.117507 0.438371
0.166843 0.300573 0.562887
0.333561 0.532136 0.641585
0.980850 0.896458 0.861358
0.750639 0.694763 0.598689
0.300180 0.506793 0.640826
0.213901 0.408173 0.616123
0.125807 0.135324 0.450989
0.671854 0.663726 0.584946
0.389709 0.566390 0.637069
0.157646 0.268677 0.543330
0.284909 0.493528 0.639333
0.149461 0.236283 0.522132
0.723287 0.682758 0.591058
0.245082 0.451902 0.630636
0.972359 0.878918 0.833018
0.106384 0.059148 0.399962
0.863083 0.761293 0.666100
0.536002 0.624643 0.605815
0.430122 0.586191 0.630505
0.557650 0.630889 0.600512
0.647693 0.656096 0.585447
0.133979 0.169826 0.475718
0.931155 0.821841 0.746497
0.111749 0.079829 0.412831
0.197303 0.378144 0.603531
0.162111 0.284675 0.553315
0.961481 0.860641 0.804310
0.137889 0.186673 0.487756
0.471940 0.603355 0.621614
0.579518 0.636939 0.595529
0.514519 0.618048 0.611232
0.888482 0.781266 0.691134
0.129993 0.152699 0.463441
0.807448 0.724584 0.625012
