0.011981 0.022573 0.035904
0.975501 0.976274 0.977357
0.305518 0.476477 0.733948
0.624191 0.685007 0.789847
0.085598 0.226090 0.363130
0.479345 0.594535 0.790488
0.788178 0.804194 0.832210
0.150788 0.340235 0.550616
0.055777 0.122093 0.191399
0.397732 0.541523 0.779108
0.878324 0.883534 0.892575
0.210739 0.401218 0.644544
0.112829 0.284309 0.458486
0.549202 0.637997 0.790009
0.066906 0.170203 0.271861
0.045051 0.079044 0.117653
0.704334 0.739216 0.799930
0.926953 0.929328 0.933358
0.586368 0.661093 0.789401
0.663273 0.710647 0.792717
0.440255 0.569607 0.787687
0.097979 0.255039 0.410388
0.255036 0.437998 0.692653
0.075341 0.197696 0.316910
0.175265 0.367587 0.594392
0.027247 0.052453 0.080952
0.512164 0.615042 0.790690
0.060281 0.143906 0.228260
0.356473 0.513144 0.763584
0.747950 0.771854 0.813625
0.131066 0.313894 0.507327
0.829848 0.839800 0.857174
0.051698 0.098921 0.151077
0.037057 0.066553 0.099530
0.530700 0.626540 0.790399
0.951235 0.952699 0.955088
0.063381 0.156880 0.249856
0.053612 0.110322 0.170991
0.725811 0.754971 0.805841
0.121396 0.299066 0.482819
0.070924 0.183813 0.294223
0.683508 0.724484 0.795640
0.091564 0.240476 0.386631
0.854024 0.861331 0.874062
0.104971 0.269647 0.434331
0.279816 0.457215 0.714499
0.460098 0.582352 0.789582
0.567734 0.649493 0.789639
0.605160 0.672904 0.789420
0.419551 0.556072 0.784376
0.231855 0.419234 0.669101
0.080255 0.211814 0.339892
0.902651 0.906243 0.912433
0.331288 0.495266 0.750405
0.191894 0.384020 0.619535
0.643523 0.697537 0.790870
0.018294 0.035927 0.058123
0.770726 0.789903 0.823450
0.498197 0.606341 0.790756
0.049035 0.087853 0.131740
0.164133 0.355699 0.575583
0.811858 0.824176 0.845719
0.058136 0.134437 0.212303
0.380536 0.529840 0.773546
0.141836 0.328866 0.532002
0.041492 0.072993 0.108476
0.108794 0.276974 0.446386
0.539944 0.632270 0.790209
0.318440 0.485956 0.742578
0.939097 0.940984 0.944142
0.633816 0.691207 0.790270
0.408790 0.548951 0.782021
0.101383 0.262321 0.422323
0.088529 0.233252 0.374856
0.799971 0.814056 0.838704
0.243180 0.428532 0.681034
0.693840 0.731726 0.797595
0.054655 0.116178 0.181122
0.759257 0.780731 0.818274
0.031984 0.059842 0.090619
0.841917 0.850469 0.865398
0.866168 0.872362 0.883130
0.292592 0.466879 0.724569
0.061699 0.150350 0.239005
0.073118 0.190723 0.305543
0.558450 0.643730 0.789815
0.673322 0.717468 0.794031
0.050671 0.093388 0.141349
0.595739 0.666964 0.789370
0.914806 0.917749 0.922782
0.136253 0.321349 0.519640
0.450272 0.576076 0.788785
0.126126 0.306472 0.495056
0.077709 0.204732 0.328362
0.614636 0.678906 0.789572
0.521439 0.620809 0.790566
0.094704 0.247758 0.398482
0.368662 0.521642 0.768950
0.201015 0.392511 0.632072
0.052632 0.104509 0.160983
