0.103874 0.056805 0.202430
0.997080 0.997331 0.848870
0.563011 0.529688 0.525114
0.462234 0.276236 0.424573
0.633135 0.776637 0.601476
0.583497 0.645232 0.556875
0.536606 0.412692 0.488492
0.294424 0.136973 0.313331
0.815338 0.937156 0.722969
0.572757 0.586964 0.541042
0.387525 0.201501 0.372794
0.198334 0.090586 0.255503
0.705669 0.859715 0.650725
0.552068 0.472205 0.508179
0.599602 0.706660 0.574680
0.509958 0.348119 0.462373
0.918939 0.980708 0.793287
0.525257 0.381250 0.476556
0.590386 0.675311 0.565256
0.151193 0.072938 0.228453
0.612942 0.740100 0.586210
0.545217 0.442864 0.498851
0.758327 0.901496 0.685338
0.489342 0.313046 0.445236
0.428105 0.238504 0.400253
0.870023 0.963479 0.759670
0.577825 0.615890 0.548907
0.557835 0.501057 0.516843
0.246101 0.111594 0.283828
0.567895 0.558269 0.533147
0.342232 0.167175 0.343369
0.663368 0.816862 0.622512
0.957082 0.990222 0.820124
0.174746 0.081435 0.241823
0.365331 0.183889 0.358244
0.786752 0.920367 0.704045
0.560474 0.515380 0.521015
0.575244 0.601388 0.544972
0.555048 0.486669 0.512567
0.222124 0.100564 0.269515
0.843285 0.951544 0.741630
0.500399 0.330819 0.454223
0.476659 0.294809 0.435375
0.586736 0.660155 0.560982
0.565463 0.543976 0.529160
0.531341 0.397143 0.482757
0.605602 0.723049 0.580099
0.895264 0.973107 0.776909
0.580561 0.630500 0.552855
0.446034 0.257394 0.412860
0.318504 0.151468 0.328340
0.548817 0.457607 0.503609
0.127575 0.064935 0.215312
0.731000 0.881058 0.667395
0.621980 0.757921 0.593253
0.408536 0.219817 0.386848
0.594610 0.690776 0.569787
0.270259 0.123649 0.298454
0.977430 0.994125 0.834679
0.570308 0.572605 0.537115
0.646810 0.796294 0.611159
0.683000 0.838129 0.635702
0.518191 0.364909 0.469800
0.541178 0.427906 0.493829
0.935755 0.985295 0.805042
0.162979 0.077038 0.235110
0.946558 0.987907 0.812660
0.617229 0.748900 0.589592
0.882838 0.968566 0.768392
0.561754 0.522535 0.523077
0.437290 0.247962 0.406658
0.469677 0.285545 0.430087
0.627269 0.767157 0.597203
0.987328 0.995795 0.841810
0.528414 0.389248 0.479726
0.602456 0.714779 0.577314
0.258153 0.117464 0.291117
0.573986 0.594170 0.543012
0.547062 0.450259 0.501264
0.596998 0.698658 0.572187
0.454365 0.266821 0.418823
0.234096 0.105965 0.276636
0.553581 0.479451 0.510385
0.581995 0.637846 0.554854
0.306506 0.144083 0.320832
0.556462 0.493871 0.514722
0.588497 0.667703 0.563104
0.718039 0.870453 0.658868
0.505351 0.339545 0.458395
0.538970 0.420326 0.491215
0.801076 0.929045 0.713515
0.592425 0.683002 0.567492
0.398204 0.210595 0.379900
0.654704 0.806477 0.616616
0.483211 0.303979 0.440413
0.495074 0.321996 0.449837
0.115663 0.061046 0.208843
0.543262 0.435417 0.496367
0.564247 0.536837 0.527144
0.514235 0.356582 0.466168
