0.029159 0.028991 0.026252
1.000000 0.901739 0.900670
0.581129 0.551588 0.358745
0.897809 0.668505 0.566329
0.300312 0.299273 0.232366
0.426680 0.423481 0.291250
0.764961 0.640074 0.453543
0.983000 0.764455 0.741938
0.169533 0.168986 0.148500
0.235309 0.234470 0.194450
0.837292 0.653864 0.503681
0.997265 0.833124 0.825884
0.679400 0.608411 0.406452
0.499813 0.489423 0.322518
0.108926 0.108623 0.099864
0.950518 0.706687 0.652983
0.360620 0.359220 0.262115
0.999510 0.867470 0.863851
0.925669 0.683866 0.606956
0.461904 0.456207 0.306269
0.393179 0.391225 0.276752
0.267938 0.266992 0.214362
0.076552 0.076296 0.070642
0.868361 0.659428 0.532304
0.202395 0.201692 0.172431
0.803353 0.648471 0.478158
0.629702 0.582236 0.381703
0.992236 0.798651 0.785580
0.328462 0.327290 0.246769
0.535971 0.518703 0.338327
0.721279 0.626132 0.428588
0.968259 0.731909 0.695067
0.136918 0.136502 0.122995
0.784800 0.644824 0.465838
0.344521 0.343272 0.254580
0.999937 0.884606 0.882330
0.988234 0.781462 0.764206
0.218872 0.218103 0.183680
0.056203 0.055961 0.051274
0.853082 0.656418 0.517457
0.976371 0.747846 0.718828
0.185960 0.185342 0.160696
0.093274 0.092973 0.086288
0.743772 0.633913 0.441135
0.654606 0.596023 0.393922
0.558042 0.535291 0.348217
0.153138 0.152668 0.135908
0.883246 0.663333 0.548526
0.998661 0.850316 0.845083
0.938597 0.694360 0.629468
0.284164 0.283175 0.223587
0.444025 0.439786 0.298639
0.376835 0.375195 0.269496
0.605096 0.567331 0.369934
0.820782 0.651357 0.490694
0.409774 0.407305 0.283967
0.995180 0.815897 0.806101
0.911997 0.675275 0.585829
0.251671 0.250761 0.204658
0.480458 0.472760 0.314179
0.961187 0.720602 0.677020
0.124835 0.124484 0.113213
0.312378 0.311297 0.238663
0.703665 0.619184 0.419105
0.520096 0.506153 0.331326
0.243470 0.242609 0.199581
0.320441 0.319304 0.242756
0.101038 0.100786 0.093141
0.794231 0.646771 0.471996
0.932238 0.688886 0.618058
0.617339 0.574902 0.375753
0.066992 0.066746 0.061506
1.000000 0.893169 0.891512
0.593020 0.559543 0.364264
0.401442 0.399243 0.280346
0.227091 0.226298 0.189124
0.829142 0.652627 0.497108
0.754538 0.637182 0.447354
0.918906 0.679333 0.596195
0.194194 0.193519 0.166642
0.435297 0.431630 0.294913
0.210638 0.209903 0.178153
0.985784 0.772921 0.753181
0.418173 0.415382 0.287587
0.368721 0.367205 0.265824
0.043586 0.043359 0.039417
0.972506 0.739776 0.707015
0.667046 0.602403 0.400161
0.732685 0.630234 0.434886
0.993829 0.807273 0.795937
0.890568 0.665734 0.557222
0.860774 0.657841 0.524721
0.259822 0.258900 0.209562
0.691626 0.613996 0.412779
0.999146 0.858895 0.854509
0.775042 0.642610 0.459703
0.956025 0.713462 0.664967
0.999769 0.876039 0.873116
0.990378 0.790041 0.775001
0.276087 0.275096 0.219036
